4100.000000
100.000000
1.000000
2.000000
2002.841334
2003.058242
2003.081337
2003.160339
2003.173259
2003.177782
2003.178528
2003.196948
2003.289398
2003.293198
2003.295366
2003.319783
2003.335824
2003.336307
2003.342538
2003.357602
2003.363023
2003.363213
2003.363791
2003.365127
2003.366223
2003.378061
2003.384426
2003.387608
2003.393944
2003.402373
2003.412017
2003.442821
2003.454610
2003.458089
2003.459150
2003.475070
2003.478258
2003.496221
2003.496233
2003.504047
2003.507801
2003.514589
2003.527324
2003.528190
2003.558238
2003.563127
2003.564939
2003.567628
2003.575097
2003.576961
2003.581765
2003.599564
2003.601726
2003.607449
2003.637092
2003.660309
2003.674054
2003.685995
2003.688104
2003.689361
2003.700163
2003.706161
2003.718660
2003.729677
2003.732009
2003.741304
2003.749954
2003.751269
2003.764936
2003.766065
2003.770190
2003.771962
2003.779243
2003.782938
2003.795011
2003.796393
2003.808937
2003.814799
2003.833263
2003.846648
2003.859354
2003.860204
2003.862892
2003.874574
2003.901492
2003.912134
2003.913715
2003.928959
2003.930167
2003.931245
2003.939224
2003.954044
2003.958066
2003.968665
2003.986849
2003.990054
2004.035186
2004.053302
2004.127352
2006.012023
2006.035242
2006.106202
2006.110287
2006.112996
2015.003297
2015.220211
2015.243298
2015.322291
2015.335231
2015.339753
2015.340494
2015.358919
2015.451356
2015.455165
2015.457338
2015.481745
2015.497793
2015.498282
2015.504494
2015.519577
2015.524987
2015.525181
2015.525758
2015.527092
2015.528199
2015.540038
2015.546397
2015.549581
2015.555911
2015.564334
2015.573983
2015.604785
2015.616571
2015.620061
2015.621114
2015.637038
2015.640236
2015.658199
2015.658201
2015.666013
2015.669776
2015.676556
2015.689296
2015.690161
2015.720205
2015.725091
2015.726906
2015.729608
2015.737068
2015.738931
2015.743726
2015.761533
2015.763685
2015.769430
2015.799068
2015.822262
2015.836019
2015.847958
2015.850072
2015.851322
2015.862112
2015.868131
2015.880634
2015.891635
2015.893976
2015.903267
2015.911909
2015.913232
2015.926904
2015.928037
2015.932155
2015.933921
2015.941208
2015.944903
2015.956982
2015.958366
2015.970904
2015.976766
2015.995224
2016.008620
2016.021323
2016.022163
2016.024855
2016.036535
2016.063453
2016.074095
2016.075681
2016.090921
2016.092132
2016.093210
2016.101188
2016.116009
2016.120044
2016.130640
2016.148827
2016.152009
2016.197152
2016.215264
2016.289333
2018.173982
2018.197210
2018.268173
2018.272244
2018.274958
2027.165264
2027.382169
2027.405257
2027.484260
2027.497190
2027.501712
2027.502451
2027.520890
2027.613316
2027.617130
2027.619315
2027.643701
2027.659772
2027.660252
2027.666464
2027.681534
2027.686953
2027.687146
2027.687727
2027.689066
2027.690174
2027.702000
2027.708367
2027.711545
2027.717880
2027.726300
2027.735950
2027.766751
2027.778543
2027.782020
2027.783077
2027.799010
2027.802189
2027.820172
2027.820172
2027.827982
2027.831739
2027.838531
2027.851261
2027.852119
2027.882169
2027.887056
2027.888878
2027.891564
2027.899037
2027.900900
2027.905693
2027.923486
2027.925653
2027.931381
2027.961030
2027.984224
2027.997991
2028.009939
2028.012036
2028.013275
2028.024077
2028.030104
2028.042587
2028.053599
2028.055939
2028.065228
2028.073872
2028.075193
2028.088876
2028.090012
2028.094110
2028.095885
2028.103160
2028.106876
2028.118949
2028.120333
2028.132857
2028.138741
2028.157191
2028.170593
2028.183273
2028.184125
2028.186823
2028.198512
2028.225415
2028.236062
2028.237651
2028.252877
2028.254087
2028.255174
2028.263142
2028.277978
2028.281993
2028.292599
2028.310793
2028.313966
2028.359126
2028.377233
2028.451288
2030.335948
2030.359188
2030.430150
2030.434203
2030.436926
2039.327232
2039.544132
2039.567230
2039.646220
2039.659167
2039.663677
2039.664418
2039.682846
2039.775281
2039.779105
2039.781270
2039.805667
2039.821727
2039.822210
2039.828435
2039.843494
2039.848934
2039.849122
2039.849706
2039.851025
2039.852125
2039.863960
2039.870339
2039.873501
2039.879859
2039.888271
2039.897918
2039.928722
2039.940518
2039.943988
2039.945037
2039.960980
2039.964152
2039.982123
2039.982133
2039.989962
2039.993696
2040.000501
2040.013223
2040.014080
2040.044130
2040.049035
2040.050846
2040.053524
2040.061002
2040.062854
2040.067659
2040.085458
2040.087619
2040.093345
2040.122989
2040.146192
2040.159964
2040.171893
2040.173990
2040.175241
2040.186042
2040.192063
2040.204542
2040.215560
2040.217905
2040.227198
2040.235833
2040.237163
2040.250845
2040.251968
2040.256077
2040.257862
2040.265127
2040.268842
2040.280915
2040.282287
2040.294830
2040.300709
2040.319167
2040.332545
2040.345242
2040.346089
2040.348799
2040.360480
2040.387382
2040.398036
2040.399630
2040.414847
2040.416054
2040.417143
2040.425103
2040.439955
2040.443956
2040.454555
2040.472746
2040.475935
2040.521096
2040.539210
2040.613252
2042.497918
2042.521149
2042.592104
2042.596170
2042.598903
2051.489198
2051.706101
2051.729206
2051.808197
2051.821129
2051.825640
2051.826383
2051.844806
2051.937254
2051.941065
2051.943237
2051.967643
2051.983689
2051.984172
2051.990403
2052.005458
2052.010892
2052.011081
2052.011662
2052.012982
2052.014093
2052.025917
2052.032299
2052.035467
2052.041815
2052.050248
2052.059900
2052.090690
2052.102472
2052.105953
2052.107007
2052.122935
2052.126113
2052.144091
2052.144099
2052.151913
2052.155663
2052.162460
2052.175184
2052.176052
2052.206090
2052.211002
2052.212809
2052.215488
2052.222966
2052.224817
2052.229633
2052.247428
2052.249594
2052.255308
2052.284952
2052.308163
2052.321923
2052.333856
2052.335964
2052.337208
2052.348014
2052.354023
2052.366516
2052.377530
2052.379881
2052.389176
2052.397803
2052.399130
2052.412799
2052.413926
2052.418046
2052.419830
2052.427092
2052.430816
2052.442878
2052.444251
2052.456788
2052.462669
2052.481137
2052.494511
2052.507209
2052.508057
2052.510766
2052.522438
2052.549358
2052.560011
2052.561585
2052.576812
2052.578022
2052.579115
2052.587070
2052.601918
2052.605925
2052.616520
2052.634706
2052.637907
2052.683048
2052.701172
2052.775214
2054.659893
2054.683109
2054.754063
2054.758143
2054.760870
2063.651161
2063.868072
2063.891166
2063.970169
2063.983088
2063.987613
2063.988346
2064.006779
2064.099220
2064.103024
2064.105196
2064.129617
2064.145648
2064.146134
2064.152361
2064.167433
2064.172859
2064.173039
2064.173626
2064.174949
2064.176055
2064.187896
2064.194257
2064.197430
2064.203774
2064.212201
2064.221856
2064.252654
2064.264436
2064.267918
2064.268976
2064.284899
2064.288083
2064.306059
2064.306064
2064.313873
2064.317630
2064.324417
2064.337152
2064.338015
2064.368068
2064.372954
2064.374769
2064.377457
2064.384927
2064.386789
2064.391596
2064.409395
2064.411560
2064.417279
2064.446925
2064.470131
2064.483882
2064.495817
2064.497935
2064.499184
2064.509988
2064.515991
2064.528487
2064.539509
2064.541843
2064.551140
2064.559782
2064.561105
2064.574761
2064.575891
2064.580024
2064.581794
2064.589070
2064.592773
2064.604839
2064.606220
2064.618766
2064.624627
2064.643095
2064.656471
2064.669184
2064.670034
2064.672725
2064.684406
2064.711325
2064.721967
2064.723544
2064.738784
2064.740000
2064.741081
2064.749049
2064.763871
2064.767892
2064.778493
2064.796681
2064.799880
2064.845016
2064.863134
2064.937188
2066.821851
2066.845072
2066.916029
2066.920118
2066.922825
2075.813122
2076.030053
2076.053127
2076.132118
2076.145053
2076.149584
2076.150325
2076.168750
2076.261191
2076.264987
2076.267165
2076.291568
2076.307620
2076.308107
2076.314329
2076.329399
2076.334811
2076.335006
2076.335587
2076.336917
2076.338025
2076.349873
2076.356225
2076.359404
2076.365740
2076.374159
2076.383809
2076.414615
2076.426402
2076.429900
2076.430941
2076.446861
2076.450062
2076.468025
2076.468027
2076.475843
2076.479602
2076.486384
2076.499123
2076.499987
2076.530036
2076.534921
2076.536740
2076.539425
2076.546898
2076.548759
2076.553556
2076.571355
2076.573519
2076.579248
2076.608889
2076.632095
2076.645849
2076.657787
2076.659903
2076.661146
2076.671946
2076.677956
2076.690461
2076.701469
2076.703800
2076.713092
2076.721739
2076.723057
2076.736733
2076.737865
2076.741979
2076.743753
2076.751036
2076.754732
2076.766809
2076.768192
2076.780734
2076.786594
2076.805056
2076.818450
2076.831145
2076.831993
2076.834688
2076.846367
2076.873281
2076.883925
2076.885507
2076.900758
2076.901953
2076.903037
2076.911015
2076.925842
2076.929867
2076.940470
2076.958648
2076.961837
2077.006982
2077.025098
2077.099159
2078.983812
2079.007038
2079.078000
2079.082074
2079.084786
2087.975088
2088.192008
2088.215092
2088.294084
2088.307018
2088.311544
2088.312282
2088.330722
2088.423142
2088.426955
2088.429137
2088.453536
2088.469595
2088.470088
2088.476294
2088.491369
2088.496785
2088.496971
2088.497561
2088.498889
2088.500000
2088.511824
2088.518190
2088.521369
2088.527714
2088.536125
2088.545776
2088.576578
2088.588371
2088.591847
2088.592903
2088.608832
2088.612017
2088.630000
2088.630012
2088.637810
2088.641566
2088.648358
2088.661089
2088.661945
2088.692000
2088.696886
2088.698707
2088.701394
2088.708866
2088.710730
2088.715516
2088.733317
2088.735487
2088.741212
2088.770863
2088.794057
2088.807816
2088.819767
2088.821859
2088.823107
2088.833902
2088.839930
2088.852416
2088.863432
2088.865767
2088.875064
2088.883702
2088.885018
2088.898702
2088.899836
2088.903938
2088.905716
2088.912987
2088.916697
2088.928786
2088.930161
2088.942687
2088.948568
2088.967022
2088.980414
2088.993105
2088.993955
2088.996655
2089.008343
2089.035241
2089.045885
2089.047483
2089.062714
2089.063915
2089.065000
2089.072969
2089.087810
2089.091829
2089.102428
2089.120617
2089.123793
2089.168955
2089.187067
2089.261125
2091.145775
2091.169015
2091.239979
2091.244033
2091.246755
2100.137056
2100.353960
2100.377058
2100.456050
2100.468995
2100.473505
2100.474243
2100.492674
2100.585108
2100.588927
2100.591106
2100.615495
2100.631554
2100.632043
2100.638259
2100.653325
2100.658756
2100.658946
2100.659526
2100.660861
2100.661960
2100.673783
2100.680163
2100.683329
2100.689680
2100.698098
2100.707746
2100.738555
2100.750345
2100.753815
2100.754870
2100.770805
2100.773978
2100.791961
2100.791961
2100.799787
2100.803523
2100.810330
2100.823051
2100.823913
2100.853954
2100.858864
2100.860676
2100.863354
2100.870833
2100.872683
2100.877488
2100.895283
2100.897452
2100.903177
2100.932820
2100.956017
2100.969799
2100.981723
2100.983822
2100.985071
2100.995873
2101.001889
2101.014380
2101.025393
2101.027740
2101.037031
2101.045662
2101.046987
2101.060672
2101.061794
2101.065904
2101.067684
2101.074954
2101.078671
2101.090754
2101.092124
2101.104654
2101.110537
2101.128998
2101.142377
2101.155073
2101.155918
2101.158621
2101.170312
2101.197213
2101.207860
2101.209451
2101.224673
2101.225886
2101.226968
2101.234935
2101.249787
2101.253787
2101.264384
2101.282576
2101.285762
2101.330918
2101.349044
2101.423079
2103.307748
2103.330978
2103.401931
2103.406001
2103.408730
2112.299034
2112.515936
2112.539034
2112.618026
2112.630958
2112.635472
2112.636204
2112.654637
2112.747075
2112.750899
2112.753060
2112.777468
2112.793513
2112.794000
2112.800239
2112.815287
2112.820729
2112.820919
2112.821496
2112.822817
2112.823917
2112.835752
2112.842126
2112.845290
2112.851648
2112.860074
2112.869725
2112.900527
2112.912299
2112.915780
2112.916837
2112.932762
2112.935950
2112.953918
2112.953926
2112.961741
2112.965489
2112.972289
2112.985012
2112.985878
2113.015920
2113.020833
2113.022639
2113.025317
2113.032797
2113.034645
2113.039462
2113.057250
2113.059427
2113.065139
2113.094780
2113.117986
2113.131747
2113.143686
2113.145783
2113.147040
2113.157840
2113.163849
2113.176341
2113.187363
2113.189715
2113.199001
2113.207632
2113.208966
2113.222633
2113.223759
2113.227875
2113.229660
2113.236926
2113.240646
2113.252706
2113.254078
2113.266617
2113.272497
2113.290959
2113.304337
2113.317040
2113.317886
2113.320599
2113.332268
2113.359189
2113.369833
2113.371417
2113.386638
2113.387854
2113.388941
2113.396906
2113.411741
2113.415749
2113.426352
2113.444538
2113.447733
2113.492875
2113.511007
2113.585046
2115.469723
2115.492938
2115.563891
2115.567970
2115.570699
2124.460997
2124.677899
2124.700996
2124.780000
2124.792917
2124.797435
2124.798176
2124.816610
2124.909052
2124.912855
2124.915025
2124.939439
2124.955484
2124.955970
2124.962197
2124.977258
2124.982683
2124.982877
2124.983456
2124.984784
2124.985885
2124.997719
2125.004086
2125.007266
2125.013601
2125.022027
2125.031683
2125.062478
2125.074263
2125.077745
2125.078812
2125.094722
2125.097920
2125.115886
2125.115891
2125.123703
2125.127466
2125.134245
2125.146983
2125.147843
2125.177888
2125.182785
2125.184600
2125.187286
2125.194757
2125.196618
2125.201416
2125.219225
2125.221383
2125.227110
2125.256746
2125.279964
2125.293713
2125.305646
2125.307754
2125.309008
2125.319812
2125.325816
2125.338312
2125.349330
2125.351667
2125.360965
2125.369610
2125.370930
2125.384593
2125.385721
2125.389856
2125.391624
2125.398895
2125.402602
2125.414667
2125.416051
2125.428594
2125.434455
2125.452916
2125.466302
2125.479014
2125.479863
2125.482547
2125.494226
2125.521147
2125.531793
2125.533378
2125.548611
2125.549831
2125.550909
2125.558876
2125.573700
2125.577724
2125.588321
2125.606505
2125.609707
2125.654841
2125.672959
2125.747014
2127.631682
2127.654901
2127.725858
2127.729948
2127.732652
2136.622955
2136.839880
2136.862953
2136.941948
2136.954882
2136.959416
2136.960156
2136.978581
2137.071014
2137.074822
2137.077000
2137.101403
2137.117453
2137.117939
2137.124152
2137.139233
2137.144646
2137.144831
2137.145414
2137.146747
2137.147849
2137.159695
2137.166056
2137.169239
2137.175567
2137.183990
2137.193643
2137.224439
2137.236228
2137.239726
2137.240779
2137.256696
2137.259887
2137.277851
2137.277863
2137.285668
2137.289440
2137.296212
2137.308951
2137.309825
2137.339866
2137.344745
2137.346569
2137.349253
2137.356727
2137.358587
2137.363382
2137.381186
2137.383349
2137.389079
2137.418722
2137.441917
2137.455677
2137.467616
2137.469734
2137.470981
2137.481772
2137.487792
2137.500288
2137.511302
2137.513635
2137.522925
2137.531566
2137.532890
2137.546558
2137.547690
2137.551810
2137.553584
2137.560863
2137.564561
2137.576636
2137.578019
2137.590565
2137.596421
2137.614882
2137.628271
2137.640975
2137.641823
2137.644515
2137.656198
2137.683106
2137.693749
2137.695340
2137.710584
2137.711786
2137.712863
2137.720842
2137.735668
2137.739701
2137.750299
2137.768479
2137.771665
2137.816812
2137.834928
2137.908986
2139.793640
2139.816867
2139.887828
2139.891904
2139.894617
2148.784912
2149.001836
2149.024921
2149.103914
2149.116847
2149.121377
2149.122112
2149.140542
2149.232973
2149.236786
2149.238972
2149.263359
2149.279419
2149.279911
2149.286122
2149.301191
2149.306612
2149.306800
2149.307382
2149.308723
2149.309824
2149.321660
2149.328025
2149.331206
2149.337535
2149.345955
2149.355609
2149.386410
2149.398197
2149.401685
2149.402730
2149.418668
2149.421853
2149.439826
2149.439838
2149.447635
2149.451393
2149.458185
2149.470918
2149.471782
2149.501819
2149.506715
2149.508537
2149.511224
2149.518695
2149.520560
2149.525346
2149.543145
2149.545309
2149.551044
2149.580686
2149.603878
2149.617648
2149.629596
2149.631691
2149.632931
2149.643738
2149.649766
2149.662243
2149.673254
2149.675596
2149.684889
2149.693527
2149.694854
2149.708536
2149.709672
2149.713771
2149.715547
2149.722826
2149.726526
2149.738613
2149.740000
2149.752517
2149.758397
2149.776854
2149.790246
2149.802936
2149.803780
2149.806477
2149.818164
2149.845073
2149.855719
2149.857307
2149.872541
2149.873747
2149.874826
2149.882803
2149.897640
2149.901654
2149.912254
2149.930449
2149.933621
2149.978785
2149.996891
2150.070952
2151.955607
2151.978843
2152.049805
2152.053862
2152.056583
2160.946883
2161.163788
2161.186887
2161.265879
2161.278823
2161.283329
2161.284073
2161.302506
2161.394936
2161.398760
2161.400931
2161.425330
2161.441389
2161.441869
2161.448094
2161.463151
2161.468580
2161.468772
2161.469360
2161.470684
2161.471785
2161.483619
2161.490000
2161.493161
2161.499513
2161.507922
2161.517581
2161.548380
2161.560173
2161.563642
2161.564696
2161.580629
2161.583811
2161.601788
2161.601798
2161.609611
2161.613358
2161.620159
2161.632880
2161.633739
2161.663780
2161.668683
2161.670507
2161.673183
2161.680664
2161.682512
2161.687317
2161.705114
2161.707282
2161.713005
2161.742645
2161.765849
2161.779621
2161.791553
2161.793654
2161.794900
2161.805703
2161.811717
2161.824206
2161.835220
2161.837565
2161.846858
2161.855491
2161.856823
2161.870498
2161.871632
2161.875737
2161.877514
2161.884786
2161.888499
2161.900583
2161.901952
2161.914484
2161.920365
2161.938829
2161.952209
2161.964899
2161.965740
2161.968453
2161.980145
2162.007037
2162.017691
2162.019283
2162.034499
2162.035711
2162.036797
2162.044767
2162.059608
2162.063615
2162.074212
2162.092408
2162.095589
2162.140749
2162.158867
2162.232907
2164.117576
2164.140811
2164.211763
2164.215828
2164.218558
2173.108859
2173.325764
2173.348851
2173.427845
2173.440786
2173.445297
2173.446034
2173.464469
2173.556909
2173.560722
2173.562897
2173.587290
2173.603350
2173.603831
2173.610063
2173.625115
2173.630553
2173.630745
2173.631320
2173.632649
2173.633742
2173.645581
2173.651950
2173.655126
2173.661472
2173.669900
2173.679551
2173.710351
2173.722126
2173.725606
2173.726663
2173.742594
2173.745775
2173.763745
2173.763753
2173.771578
2173.775322
2173.782118
2173.794840
2173.795704
2173.825751
2173.830652
2173.832470
2173.835140
2173.842624
2173.844474
2173.849291
2173.867081
2173.869248
2173.874970
2173.904608
2173.927818
2173.941583
2173.953516
2173.955614
2173.956867
2173.967673
2173.973682
2173.986167
2173.997187
2173.999538
2174.008825
2174.017460
2174.018790
2174.032459
2174.033585
2174.037707
2174.039490
2174.046752
2174.050476
2174.062534
2174.063913
2174.076446
2174.082325
2174.100792
2174.114162
2174.126870
2174.127714
2174.130422
2174.142101
2174.169020
2174.179666
2174.181242
2174.196463
2174.197685
2174.198766
2174.206732
2174.221573
2174.225584
2174.236180
2174.254370
2174.257562
2174.302706
2174.320832
2174.394873
2176.279550
2176.302765
2176.373721
2176.377799
2176.380529
2185.270822
2185.487726
2185.510826
2185.589828
2185.602746
2185.607267
2185.608005
2185.626433
2185.718875
2185.722690
2185.724848
2185.749273
2185.765308
2185.765792
2185.772020
2185.787092
2185.792506
2185.792702
2185.793282
2185.794612
2185.795709
2185.807544
2185.813917
2185.817092
2185.823431
2185.831863
2185.841510
2185.872312
2185.884089
2185.887581
2185.888639
2185.904558
2185.907744
2185.925713
2185.925718
2185.933537
2185.937292
2185.944074
2185.956810
2185.957678
2185.987718
2185.992615
2185.994430
2185.997115
2186.004587
2186.006446
2186.011247
2186.029056
2186.031216
2186.036941
2186.066579
2186.089796
2186.103537
2186.115476
2186.117585
2186.118842
2186.129647
2186.135646
2186.148147
2186.159163
2186.161502
2186.170802
2186.179437
2186.180756
2186.194424
2186.195553
2186.199675
2186.201456
2186.208722
2186.212432
2186.224501
2186.225878
2186.238425
2186.244289
2186.262749
2186.276133
2186.288844
2186.289691
2186.292380
2186.304058
2186.330980
2186.341626
2186.343200
2186.358445
2186.359651
2186.360736
2186.368701
2186.383533
2186.387550
2186.398151
2186.416333
2186.419533
2186.464672
2186.482791
2186.556840
2188.441510
2188.464727
2188.535687
2188.539773
2188.542484
2197.432784
2197.649707
2197.672782
2197.751778
2197.764711
2197.769234
2197.769987
2197.788401
2197.880849
2197.884644
2197.886823
2197.911237
2197.927280
2197.927764
2197.933982
2197.949055
2197.954477
2197.954663
2197.955248
2197.956573
2197.957686
2197.969518
2197.975884
2197.979062
2197.985401
2197.993823
2198.003470
2198.034275
2198.046055
2198.049553
2198.050606
2198.066519
2198.069724
2198.087680
2198.087692
2198.095493
2198.099265
2198.106039
2198.118778
2198.119650
2198.149696
2198.154575
2198.156399
2198.159082
2198.166557
2198.168415
2198.173212
2198.191018
2198.193175
2198.198909
2198.228554
2198.251750
2198.265501
2198.277445
2198.279564
2198.280807
2198.291607
2198.297617
2198.310115
2198.321126
2198.323459
2198.332754
2198.341396
2198.342716
2198.356387
2198.357517
2198.361643
2198.363412
2198.370690
2198.374390
2198.386463
2198.387847
2198.400395
2198.406249
2198.424714
2198.438102
2198.450807
2198.451653
2198.454342
2198.466022
2198.492935
2198.503583
2198.505167
2198.520411
2198.521616
2198.522698
2198.530670
2198.545496
2198.549524
2198.560128
2198.578309
2198.581493
2198.626642
2198.644752
2198.718811
2200.603470
2200.626695
2200.697658
2200.701730
2200.704445
2209.594750
2209.811664
2209.834750
2209.913743
2209.926675
2209.931197
2209.931940
2209.950374
2210.042808
2210.046611
2210.048794
2210.073190
2210.089254
2210.089733
2210.095952
2210.111025
2210.116443
2210.116633
2210.117216
2210.118544
2210.119660
2210.131484
2210.137848
2210.141030
2210.147369
2210.155780
2210.165435
2210.196237
2210.208032
2210.211513
2210.212565
2210.228492
2210.231679
2210.249652
2210.249664
2210.257463
2210.261232
2210.268015
2210.280747
2210.281609
2210.311651
2210.316545
2210.318366
2210.321055
2210.328524
2210.330389
2210.335176
2210.352977
2210.355143
2210.360875
2210.390520
2210.413711
2210.427473
2210.439424
2210.441521
2210.442767
2210.453563
2210.459590
2210.472079
2210.483088
2210.485425
2210.494713
2210.503356
2210.504678
2210.518363
2210.519497
2210.523604
2210.525372
2210.532653
2210.536354
2210.548441
2210.549826
2210.562347
2210.568224
2210.586678
2210.600078
2210.612764
2210.613610
2210.616309
2210.627995
2210.654899
2210.665547
2210.667140
2210.682367
2210.683575
2210.684658
2210.692630
2210.707464
2210.711488
2210.722083
2210.740282
2210.743455
2210.788614
2210.806725
2210.880780
2212.765436
2212.788671
2212.859635
2212.863692
2212.866412
2221.756716
2221.973624
2221.996715
2222.075709
2222.088651
2222.093161
2222.093903
2222.112339
2222.204764
2222.208582
2222.210766
2222.235152
2222.251214
2222.251702
2222.257916
2222.272982
2222.278416
2222.278607
2222.279193
2222.280519
2222.281610
2222.293443
2222.299822
2222.302985
2222.309335
2222.317760
2222.327410
2222.358213
2222.370000
2222.373469
2222.374522
2222.390465
2222.393641
2222.411615
2222.411626
2222.419436
2222.423185
2222.429988
2222.442708
2222.443565
2222.473611
2222.478512
2222.480338
2222.483013
2222.490495
2222.492341
2222.497146
2222.514940
2222.517107
2222.522837
2222.552476
2222.575675
2222.589444
2222.601383
2222.603481
2222.604724
2222.615527
2222.621553
2222.634032
2222.645048
2222.647396
2222.656682
2222.665320
2222.666647
2222.680336
2222.681458
2222.685562
2222.687345
2222.694613
2222.698328
2222.710411
2222.711780
2222.724313
2222.730194
2222.748649
2222.762029
2222.774730
2222.775569
2222.778285
2222.789977
2222.816869
2222.827517
2222.829114
2222.844331
2222.845538
2222.846623
2222.854593
2222.869440
2222.873447
2222.884047
2222.902238
2222.905421
2222.950580
2222.968692
2223.042741
2224.927403
2224.950640
2225.021591
2225.025658
2225.028385
2233.918682
2234.135591
2234.158679
2234.237674
2234.250616
2234.255129
2234.255864
2234.274301
2234.366735
2234.370557
2234.372720
2234.397125
2234.413174
2234.413654
2234.419898
2234.434949
2234.440389
2234.440571
2234.441153
2234.442475
2234.443579
2234.455411
2234.461784
2234.464949
2234.471305
2234.479724
2234.489376
2234.520188
2234.531963
2234.535439
2234.536488
2234.552418
2234.555605
2234.573572
2234.573580
2234.581404
2234.585149
2234.591946
2234.604668
2234.605535
2234.635581
2234.640483
2234.642300
2234.644970
2234.652455
2234.654303
2234.659120
2234.676912
2234.679081
2234.684795
2234.714442
2234.737650
2234.751407
2234.763345
2234.765446
2234.766690
2234.777500
2234.783508
2234.796005
2234.807017
2234.809371
2234.818660
2234.827288
2234.828625
2234.842285
2234.843411
2234.847530
2234.849320
2234.856582
2234.860306
2234.872371
2234.873740
2234.886276
2234.892151
2234.910624
2234.923993
2234.936701
2234.937546
2234.940255
2234.951933
2234.978841
2234.989489
2234.991074
2235.006299
2235.007506
2235.008601
2235.016561
2235.031406
2235.035413
2235.046009
2235.064197
2235.067389
2235.112537
2235.130667
2235.204699
2237.089376
2237.112594
2237.183552
2237.187628
2237.190358
2246.080647
2246.297553
2246.320655
2246.399657
2246.412576
2246.417098
2246.417835
2246.436260
2246.528708
2246.532513
2246.534684
2246.559094
2246.575138
2246.575627
2246.581854
2246.596913
2246.602343
2246.602528
2246.603113
2246.604435
2246.605546
2246.617380
2246.623741
2246.626924
2246.633266
2246.641689
2246.651337
2246.682138
2246.693923
2246.697407
2246.698464
2246.714381
2246.717572
2246.735539
2246.735545
2246.743362
2246.747118
2246.753902
2246.766638
2246.767503
2246.797549
2246.802446
2246.804260
2246.806935
2246.814417
2246.816275
2246.821077
2246.838886
2246.841051
2246.846763
2246.876405
2246.899627
2246.913373
2246.925305
2246.927415
2246.928666
2246.939471
2246.945471
2246.957974
2246.968995
2246.971326
2246.980628
2246.989266
2246.990592
2247.004249
2247.005384
2247.009507
2247.011277
2247.018548
2247.022261
2247.034328
2247.035704
2247.048253
2247.054117
2247.072581
2247.085964
2247.098664
2247.099519
2247.102211
2247.113886
2247.140812
2247.151451
2247.153033
2247.168269
2247.169482
2247.170563
2247.178537
2247.193363
2247.197384
2247.207978
2247.226164
2247.229359
2247.274502
2247.292619
2247.366670
2249.251342
2249.274558
2249.345514
2249.349602
2249.352313
2258.242608
2258.459533
2258.482612
2258.561608
2258.574539
2258.579065
2258.579816
2258.598231
2258.690672
2258.694478
2258.696650
2258.721062
2258.737103
2258.737589
2258.743818
2258.758887
2258.764306
2258.764494
2258.765070
2258.766408
2258.767509
2258.779353
2258.785707
2258.788896
2258.795223
2258.803649
2258.813300
2258.844098
2258.855888
2258.859379
2258.860433
2258.876354
2258.879548
2258.897506
2258.897519
2258.905324
2258.909092
2258.915867
2258.928605
2258.929475
2258.959526
2258.964405
2258.966229
2258.968911
2258.976379
2258.978243
2258.983042
2259.000850
2259.003006
2259.008739
2259.038377
2259.061581
2259.075336
2259.087274
2259.089383
2259.090632
2259.101434
2259.107442
2259.119953
2259.130959
2259.133290
2259.142587
2259.151226
2259.152541
2259.166219
2259.167351
2259.171464
2259.173236
2259.180518
2259.184219
2259.196290
2259.197674
2259.210226
2259.216080
2259.234546
2259.247932
2259.260639
2259.261484
2259.264169
2259.275854
2259.302768
2259.313407
2259.314994
2259.330238
2259.331449
2259.332524
2259.340507
2259.355323
2259.359358
2259.369957
2259.388131
2259.391321
2259.436465
2259.454587
2259.528639
2261.413298
2261.436525
2261.507486
2261.511561
2261.514276
2270.404574
2270.621493
2270.644579
2270.723573
2270.736504
2270.741030
2270.741771
2270.760206
2270.852630
2270.856446
2270.858619
2270.883025
2270.899078
2270.899567
2270.905779
2270.920849
2270.926271
2270.926463
2270.927041
2270.928378
2270.929484
2270.941308
2270.947684
2270.950854
2270.957194
2270.965618
2270.975267
2271.006068
2271.017861
2271.021341
2271.022392
2271.038325
2271.041505
2271.059478
2271.059490
2271.067297
2271.071059
2271.077842
2271.090575
2271.091437
2271.121482
2271.126375
2271.128195
2271.130885
2271.138354
2271.140219
2271.145006
2271.162809
2271.164970
2271.170707
2271.200354
2271.223540
2271.237305
2271.249252
2271.251353
2271.252591
2271.263388
2271.269415
2271.281905
2271.292918
2271.295259
2271.304544
2271.313185
2271.314509
2271.328187
2271.329322
2271.333425
2271.335203
2271.342480
2271.346183
2271.358268
2271.359652
2271.372174
2271.378051
2271.396510
2271.409909
2271.422596
2271.423439
2271.426134
2271.437827
2271.464732
2271.475376
2271.476961
2271.492202
2271.493408
2271.494489
2271.502457
2271.517296
2271.521313
2271.531912
2271.550115
2271.553283
2271.598435
2271.616549
2271.690608
2273.575263
2273.598498
2273.669462
2273.673520
2273.676241
2282.566545
2282.783452
2282.806544
2282.885538
2282.898481
2282.902990
2282.903734
2282.922158
2283.014593
2283.018416
2283.020590
2283.044987
2283.061050
2283.061526
2283.067751
2283.082817
2283.088238
2283.088434
2283.089015
2283.090342
2283.091448
2283.103275
2283.109657
2283.112818
2283.119168
2283.127584
2283.137235
2283.168038
2283.179826
2283.183305
2283.184353
2283.200289
2283.203466
2283.221443
2283.221453
2283.229272
2283.233012
2283.239815
2283.252537
2283.253400
2283.283442
2283.288341
2283.290169
2283.292843
2283.300326
2283.302171
2283.306967
2283.324765
2283.326940
2283.332659
2283.362310
2283.385502
2283.399278
2283.411214
2283.413313
2283.414559
2283.425357
2283.431379
2283.443866
2283.454881
2283.457222
2283.466511
2283.475148
2283.476475
2283.490162
2283.491285
2283.495395
2283.497167
2283.504439
2283.508156
2283.520240
2283.521607
2283.534143
2283.540034
2283.558480
2283.571861
2283.584555
2283.585399
2283.588105
2283.599797
2283.626700
2283.637342
2283.638936
2283.654157
2283.655370
2283.656453
2283.664419
2283.679272
2283.683271
2283.693876
2283.712063
2283.715248
2283.760411
2283.778524
2283.852571
2285.737231
2285.760469
2285.831423
2285.835485
2285.838213
2294.728519
2294.945418
2294.968507
2295.047503
2295.060446
2295.064955
2295.065694
2295.084127
2295.176564
2295.180380
2295.182544
2295.206950
2295.223008
2295.223489
2295.229720
2295.244771
2295.250214
2295.250398
2295.250977
2295.252307
2295.253404
2295.265240
2295.271610
2295.274779
2295.281128
2295.289561
2295.299202
2295.330013
2295.341790
2295.345266
2295.346326
2295.362254
2295.365431
2295.383407
2295.383407
2295.391230
2295.394975
2295.401775
2295.414496
2295.415361
2295.445405
2295.450314
2295.452128
2295.454799
2295.462285
2295.464132
2295.468949
2295.486731
2295.488914
2295.494627
2295.524264
2295.547473
2295.561241
2295.573171
2295.575271
2295.576525
2295.587324
2295.593333
2295.605830
2295.616850
2295.619194
2295.628484
2295.637117
2295.638449
2295.652123
2295.653248
2295.657362
2295.659151
2295.666408
2295.670136
2295.682199
2295.683567
2295.696105
2295.701979
2295.720457
2295.733820
2295.746524
2295.747374
2295.750089
2295.761754
2295.788671
2295.799322
2295.800908
2295.816124
2295.817337
2295.818428
2295.826387
2295.841229
2295.845237
2295.855837
2295.874023
2295.877216
2295.922368
2295.940493
2296.014532
2297.899207
2297.922426
2297.993380
2297.997454
2298.000187
2306.890485
2307.107380
2307.130484
2307.209473
2307.222405
2307.226917
2307.227667
2307.246091
2307.338529
2307.342345
2307.344515
2307.368929
2307.384969
2307.385450
2307.391679
2307.406747
2307.412166
2307.412363
2307.412935
2307.414269
2307.415370
2307.427203
2307.433577
2307.436751
2307.443088
2307.451516
2307.461174
2307.491972
2307.503750
2307.507237
2307.508290
2307.524212
2307.527397
2307.545371
2307.545377
2307.553188
2307.556948
2307.563730
2307.576466
2307.577332
2307.607379
2307.612273
2307.614090
2307.616764
2307.624242
2307.626103
2307.630907
2307.648706
2307.650874
2307.656594
2307.686238
2307.709447
2307.723196
2307.735134
2307.737246
2307.738499
2307.749305
2307.755303
2307.767800
2307.778817
2307.781161
2307.790453
2307.799094
2307.800419
2307.814081
2307.815209
2307.819339
2307.821109
2307.828384
2307.832091
2307.844156
2307.845531
2307.858082
2307.863945
2307.882411
2307.895788
2307.908494
2307.909347
2307.912044
2307.923718
2307.950645
2307.961286
2307.962863
2307.978096
2307.979313
2307.980400
2307.988362
2308.003189
2308.007208
2308.017806
2308.035989
2308.039186
2308.084333
2308.102451
2308.176496
2310.061170
2310.084386
2310.155343
2310.159431
2310.162141
2319.052443
2319.269360
2319.292441
2319.371438
2319.384368
2319.388896
2319.389645
2319.408062
2319.500507
2319.504307
2319.506481
2319.530896
2319.546940
2319.547421
2319.553641
2319.568710
2319.574136
2319.574320
2319.574904
2319.576229
2319.577337
2319.589175
2319.595543
2319.598720
2319.605057
2319.613474
2319.623135
2319.653929
2319.665720
2319.669205
2319.670260
2319.686177
2319.689373
2319.707333
2319.707345
2319.715156
2319.718918
2319.725695
2319.738444
2319.739300
2319.769355
2319.774235
2319.776051
2319.778739
2319.786209
2319.788071
2319.792873
2319.810682
2319.812832
2319.818559
2319.848208
2319.871415
2319.885159
2319.897103
2319.899214
2319.900467
2319.911259
2319.917270
2319.929778
2319.940793
2319.943118
2319.952413
2319.961056
2319.962378
2319.976044
2319.977179
2319.981298
2319.983067
2319.990356
2319.994048
2320.006122
2320.007500
2320.020056
2320.025908
2320.044367
2320.057763
2320.070470
2320.071312
2320.074002
2320.085685
2320.112600
2320.123241
2320.124822
2320.140076
2320.141271
2320.142351
2320.150334
2320.165156
2320.169181
2320.179784
2320.197962
2320.201159
2320.246295
2320.264411
2320.338473
2322.223128
2322.246353
2322.317314
2322.321391
2322.324102
2331.214405
2331.431321
2331.454408
2331.533403
2331.546337
2331.550862
2331.551602
2331.570039
2331.662462
2331.666268
2331.668454
2331.692848
2331.708914
2331.709389
2331.715608
2331.730684
2331.736094
2331.736287
2331.736871
2331.738202
2331.739307
2331.751143
2331.757506
2331.760691
2331.767024
2331.775443
2331.785093
2331.815896
2331.827687
2331.831169
2331.832218
2331.848150
2331.851342
2331.869316
2331.869317
2331.877121
2331.880887
2331.887670
2331.900415
2331.901264
2331.931312
2331.936204
2331.938024
2331.940714
2331.948183
2331.950049
2331.954836
2331.972638
2331.974798
2331.980540
2332.010177
2332.033373
2332.047131
2332.059081
2332.061186
2332.062424
2332.073221
2332.079251
2332.091732
2332.102740
2332.105083
2332.114374
2332.123015
2332.124334
2332.138014
2332.139147
2332.143258
2332.145034
2332.152307
2332.156011
2332.168095
2332.169478
2332.182005
2332.187878
2332.206341
2332.219739
2332.232427
2332.233269
2332.235966
2332.247655
2332.274558
2332.285204
2332.286793
2332.302028
2332.303229
2332.304315
2332.312292
2332.327121
2332.331149
2332.341741
2332.359937
2332.363111
2332.408264
2332.426377
2332.500445
2334.385092
2334.408326
2334.479288
2334.483349
2334.486069
2343.376369
2343.593280
2343.616372
2343.695367
2343.708309
2343.712822
2343.713564
2343.731990
2343.824427
2343.828238
2343.830427
2343.854810
2343.870876
2343.871362
2343.877576
2343.892640
2343.898074
2343.898258
2343.898848
2343.900177
2343.901273
2343.913102
2343.919480
2343.922645
2343.929001
2343.937409
2343.947061
2343.977861
2343.989663
2343.993132
2343.994186
2344.010126
2344.013300
2344.031270
2344.031281
2344.039097
2344.042840
2344.049642
2344.062365
2344.063226
2344.093273
2344.098171
2344.100000
2344.102670
2344.110157
2344.112000
2344.116797
2344.134597
2344.136766
2344.142488
2344.172133
2344.195335
2344.209101
2344.221042
2344.223133
2344.224383
2344.235187
2344.241205
2344.253692
2344.264709
2344.267057
2344.276342
2344.284983
2344.286300
2344.299988
2344.301111
2344.305221
2344.306998
2344.314273
2344.317984
2344.330068
2344.331435
2344.343973
2344.349861
2344.368311
2344.381693
2344.394386
2344.395233
2344.397937
2344.409628
2344.436525
2344.447173
2344.448768
2344.463989
2344.465196
2344.466285
2344.474252
2344.489093
2344.493103
2344.503704
2344.521893
2344.525076
2344.570242
2344.588349
2344.662398
2346.547062
2346.570298
2346.641252
2346.645315
2346.648041
2355.538342
2355.755246
2355.778336
2355.857332
2355.870275
2355.874780
2355.875524
2355.893951
2355.986390
2355.990215
2355.992380
2356.016781
2356.032832
2356.033312
2356.039554
2356.054606
2356.060038
2356.060236
2356.060811
2356.062132
2356.063238
2356.075063
2356.081445
2356.084609
2356.090963
2356.099385
2356.109039
2356.139835
2356.151617
2356.155093
2356.156152
2356.172078
2356.175262
2356.193235
2356.193243
2356.201056
2356.204802
2356.211603
2356.224331
2356.225187
2356.255236
2356.260145
2356.261949
2356.264629
2356.272116
2356.273968
2356.278767
2356.296562
2356.298737
2356.304458
2356.334097
2356.357302
2356.371067
2356.383001
2356.385102
2356.386349
2356.397160
2356.403171
2356.415661
2356.426675
2356.429028
2356.438310
2356.446945
2356.448275
2356.461949
2356.463074
2356.467194
2356.468971
2356.476234
2356.479966
2356.492025
2356.493395
2356.505939
2356.511817
2356.530278
2356.543652
2356.556350
2356.557203
2356.559910
2356.571587
2356.598502
2356.609144
2356.610731
2356.625954
2356.627169
2356.628253
2356.636213
2356.651063
2356.655072
2356.665665
2356.683851
2356.687045
2356.732196
2356.750329
2356.824358
2358.709033
2358.732254
2358.803210
2358.807284
2358.810021
2367.700310
2367.917211
2367.940314
2368.019302
2368.032234
2368.036749
2368.037497
2368.055922
2368.148363
2368.152170
2368.154343
2368.178752
2368.194799
2368.195278
2368.201513
2368.216569
2368.222000
2368.222189
2368.222770
2368.224091
2368.225201
2368.237038
2368.243401
2368.246574
2368.252922
2368.261342
2368.271001
2368.301796
2368.313577
2368.317063
2368.318117
2368.334040
2368.337234
2368.355198
2368.355204
2368.363022
2368.366774
2368.373558
2368.386293
2368.387157
2368.417209
2368.422104
2368.423915
2368.426593
2368.434073
2368.435931
2368.440738
2368.458537
2368.460708
2368.466421
2368.496060
2368.519279
2368.533028
2368.544963
2368.547069
2368.548323
2368.559129
2368.565134
2368.577628
2368.588648
2368.590986
2368.600290
2368.608922
2368.610244
2368.623907
2368.625035
2368.629159
2368.630941
2368.638211
2368.641920
2368.653984
2368.655363
2368.667902
2368.673773
2368.692235
2368.705619
2368.718324
2368.719176
2368.721867
2368.733550
2368.760467
2368.771110
2368.772689
2368.787921
2368.789134
2368.790227
2368.798188
2368.813019
2368.817034
2368.827634
2368.845821
2368.849023
2368.894159
2368.912276
2368.986327
2370.870998
2370.894217
2370.965173
2370.969260
2370.971973
2379.862267
2380.079188
2380.102270
2380.181268
2380.194197
2380.198727
2380.199461
2380.217893
2380.310330
2380.314135
2380.316308
2380.340720
2380.356763
2380.357246
2380.363477
2380.378544
2380.383960
2380.384152
2380.384733
2380.386064
2380.387170
2380.399010
2380.405366
2380.408544
2380.414885
2380.423308
2380.432962
2380.463758
2380.475546
2380.479031
2380.480099
2380.496005
2380.499209
2380.517171
2380.517175
2380.524981
2380.528744
2380.535528
2380.548272
2380.549138
2380.579174
2380.584066
2380.585881
2380.588568
2380.596039
2380.597902
2380.602700
2380.620503
2380.622663
2380.628390
2380.658031
2380.681237
2380.694994
2380.706932
2380.709045
2380.710292
2380.721094
2380.727103
2380.739603
2380.750615
2380.752949
2380.762238
2380.770885
2380.772203
2380.785874
2380.787005
2380.791130
2380.792896
2380.800184
2380.803877
2380.815949
2380.817329
2380.829886
2380.835736
2380.854199
2380.867585
2380.880302
2380.881143
2380.883831
2380.895511
2380.922422
2380.933073
2380.934655
2380.949901
2380.951104
2380.952189
2380.960162
2380.974978
2380.979014
2380.989612
2381.007793
2381.010987
2381.056125
2381.074241
2381.148299
2383.032956
2383.056182
2383.127141
2383.131221
2383.133931
2392.024235
2392.241149
2392.264231
2392.343233
2392.356166
2392.360694
2392.361432
2392.379870
2392.472287
2392.476102
2392.478276
2392.502684
2392.518737
2392.519224
2392.525437
2392.540519
2392.545929
2392.546113
2392.546696
2392.548033
2392.549144
2392.560969
2392.567332
2392.570515
2392.576849
2392.585268
2392.594919
2392.625720
2392.637512
2392.640996
2392.642054
2392.657972
2392.661168
2392.679142
2392.679143
2392.686950
2392.690714
2392.697497
2392.710244
2392.711101
2392.741143
2392.746027
2392.747854
2392.750545
2392.758012
2392.759877
2392.764660
2392.782461
2392.784626
2392.790360
2392.820012
2392.843194
2392.856958
2392.868909
2392.871006
2392.872251
2392.883049
2392.889075
2392.901559
2392.912574
2392.914912
2392.924206
2392.932844
2392.934171
2392.947848
2392.948982
2392.953087
2392.954859
2392.962143
2392.965845
2392.977921
2392.979304
2392.991835
2392.997707
2393.016162
2393.029558
2393.042256
2393.043099
2393.045799
2393.057477
2393.084385
2393.095033
2393.096618
2393.111855
2393.113061
2393.114148
2393.122119
2393.136953
2393.140974
2393.151571
2393.169767
2393.172939
2393.218094
2393.236207
2393.310273
2395.194922
2395.218154
2395.289119
2395.293179
2395.295898
2404.186201
2404.403108
2404.426201
2404.505197
2404.518137
2404.522655
2404.523390
2404.541822
2404.634249
2404.638072
2404.640251
2404.664645
2404.680701
2404.681185
2404.687408
2404.702475
2404.707896
2404.708085
2404.708670
2404.710013
2404.711110
2404.722935
2404.729315
2404.732478
2404.738824
2404.747237
2404.756891
2404.787696
2404.799489
2404.802959
2404.804012
2404.819949
2404.823126
2404.841108
2404.841108
2404.848922
2404.852676
2404.859469
2404.872194
2404.873052
2404.903100
2404.908000
2404.909829
2404.912500
2404.919988
2404.921829
2404.926626
2404.944428
2404.946595
2404.952320
2404.981964
2405.005161
2405.018935
2405.030873
2405.032965
2405.034214
2405.045012
2405.051042
2405.063519
2405.074536
2405.076879
2405.086171
2405.094812
2405.096136
2405.109824
2405.110948
2405.115048
2405.116828
2405.124099
2405.127812
2405.139896
2405.141273
2405.153798
2405.159688
2405.178133
2405.191523
2405.204212
2405.205063
2405.207769
2405.219458
2405.246352
2405.256999
2405.258591
2405.273815
2405.275028
2405.276111
2405.284078
2405.298925
2405.302931
2405.313533
2405.331726
2405.334903
2405.380074
2405.398183
2405.472226
2407.356889
2407.380128
2407.451083
2407.455143
2407.457869
2416.348168
2416.565080
2416.588164
2416.667162
2416.680105
2416.684612
2416.685353
2416.703782
2416.796224
2416.800051
2416.802204
2416.826607
2416.842660
2416.843148
2416.849377
2416.864435
2416.869873
2416.870062
2416.870646
2416.871965
2416.873062
2416.884899
2416.891269
2416.894439
2416.900786
2416.909211
2416.918864
2416.949670
2416.961444
2416.964920
2416.965978
2416.981912
2416.985094
2417.003062
2417.003070
2417.010893
2417.014635
2417.021432
2417.034160
2417.035025
2417.065067
2417.069976
2417.071780
2417.074458
2417.081947
2417.083797
2417.088596
2417.106393
2417.108568
2417.114282
2417.143926
2417.167134
2417.180902
2417.192831
2417.194934
2417.196184
2417.206984
2417.212997
2417.225487
2417.236504
2417.238851
2417.248143
2417.256777
2417.258099
2417.271775
2417.272900
2417.277014
2417.278801
2417.286065
2417.289793
2417.301854
2417.303222
2417.315768
2417.321646
2417.340111
2417.353483
2417.366181
2417.367032
2417.369742
2417.381417
2417.408324
2417.418978
2417.420565
2417.435780
2417.436992
2417.438081
2417.446043
2417.460896
2417.464895
2417.475494
2417.493683
2417.496872
2417.542027
2417.560154
2417.634185
2419.518860
2419.542083
2419.613038
2419.617111
2419.619848
2428.510148
2428.727048
2428.750144
2428.829130
2428.842063
2428.846580
2428.847326
2428.865746
2428.958186
2428.962003
2428.964174
2428.988584
2429.004623
2429.005108
2429.011337
2429.026403
2429.031826
2429.032015
2429.032602
2429.033926
2429.035025
2429.046861
2429.053233
2429.056410
2429.062754
2429.071179
2429.080828
2429.111633
2429.123403
2429.126890
2429.127953
2429.143871
2429.147059
2429.165025
2429.165031
2429.172848
2429.176600
2429.183395
2429.196125
2429.196983
2429.227030
2429.231935
2429.233745
2429.236422
2429.243903
2429.245753
2429.250568
2429.268368
2429.270531
2429.276244
2429.305893
2429.329100
2429.342855
2429.354793
2429.356900
2429.358149
2429.368953
2429.374959
2429.387453
2429.398471
2429.400821
2429.410116
2429.418750
2429.420081
2429.433740
2429.434866
2429.438990
2429.440772
2429.448037
2429.451748
2429.463812
2429.465190
2429.477731
2429.483601
2429.502065
2429.515445
2429.528154
2429.529005
2429.531700
2429.543371
2429.570300
2429.580944
2429.582519
2429.597757
2429.598965
2429.600054
2429.608015
2429.622852
2429.626865
2429.637462
2429.655647
2429.658849
2429.703983
2429.722109
2429.796153
2431.680830
2431.704045
2431.775000
2431.779085
2431.781802
2440.672105
2440.889015
2440.912100
2440.991097
2441.004026
2441.008547
2441.009291
2441.027714
2441.120165
2441.123964
2441.126131
2441.150556
2441.166591
2441.167078
2441.173300
2441.188376
2441.193796
2441.193978
2441.194561
2441.195891
2441.196997
2441.208834
2441.215195
2441.218378
2441.224713
2441.233134
2441.242788
2441.273589
2441.285372
2441.288859
2441.289925
2441.305835
2441.309034
2441.326998
2441.327001
2441.334813
2441.338571
2441.345356
2441.358099
2441.358962
2441.389004
2441.393891
2441.395711
2441.398397
2441.405869
2441.407730
2441.412530
2441.430335
2441.432497
2441.438220
2441.467864
2441.491070
2441.504824
2441.516764
2441.518875
2441.520129
2441.530920
2441.536931
2441.549429
2441.560449
2441.562776
2441.572072
2441.580714
2441.582037
2441.595699
2441.596830
2441.600952
2441.602727
2441.610011
2441.613702
2441.625777
2441.627156
2441.639714
2441.645563
2441.664027
2441.677415
2441.690123
2441.690973
2441.693657
2441.705342
2441.732254
2441.742896
2441.744483
2441.759726
2441.760935
2441.762015
2441.769989
2441.784811
2441.788838
2441.799440
2441.817616
2441.820815
2441.865955
2441.884066
2441.958127
2443.842787
2443.866010
2443.936969
2443.941051
2443.943762
2452.834060
2453.050978
2453.074060
2453.153063
2453.165995
2453.170515
2453.171263
2453.189688
2453.282119
2453.285924
2453.288112
2453.312506
2453.328562
2453.329046
2453.335266
2453.350342
2453.355752
2453.355950
2453.356531
2453.357857
2453.358967
2453.370804
2453.377165
2453.380351
2453.386684
2453.395100
2453.404752
2453.435556
2453.447342
2453.450835
2453.451881
2453.467807
2453.470994
2453.488968
2453.488980
2453.496775
2453.500542
2453.507324
2453.520073
2453.520928
2453.550975
2453.555857
2453.557683
2453.560375
2453.567841
2453.569705
2453.574490
2453.592293
2453.594460
2453.600192
2453.629833
2453.653027
2453.666789
2453.678738
2453.680838
2453.682084
2453.692882
2453.698901
2453.711396
2453.722405
2453.724741
2453.734030
2453.742673
2453.743995
2453.757675
2453.758808
2453.762920
2453.764691
2453.771970
2453.775674
2453.787751
2453.789131
2453.801665
2453.807535
2453.825993
2453.839388
2453.852079
2453.852928
2453.855620
2453.867309
2453.894217
2453.904862
2453.906451
2453.921690
2453.922894
2453.923974
2453.931946
2453.946775
2453.950809
2453.961400
2453.979598
2453.982766
2454.027923
2454.046035
2454.120101
2456.004749
2456.027982
2456.098946
2456.103008
2456.105726
2464.996030
2465.212937
2465.236029
2465.315020
2465.327966
2465.332474
2465.333220
2465.351652
2465.444084
2465.447895
2465.450075
2465.474467
2465.490537
2465.491020
2465.497234
2465.512297
2465.517722
2465.517920
2465.518504
2465.519834
2465.520935
2465.532758
2465.539138
2465.542302
2465.548657
2465.557063
2465.566716
2465.597522
2465.609315
2465.612787
2465.613839
2465.629784
2465.632951
2465.650936
2465.650936
2465.658747
2465.662506
2465.669296
2465.682022
2465.682887
2465.712931
2465.717832
2465.719658
2465.722330
2465.729817
2465.731657
2465.736456
2465.754255
2465.756421
2465.762151
2465.791799
2465.814994
2465.828759
2465.840703
2465.842797
2465.844042
2465.854842
2465.860868
2465.873353
2465.884364
2465.886706
2465.895995
2465.904641
2465.905960
2465.919649
2465.920775
2465.924880
2465.926659
2465.933926
2465.937640
2465.949723
2465.951101
2465.963628
2465.969514
2465.987964
2466.001355
2466.014043
2466.014892
2466.017592
2466.029288
2466.056184
2466.066833
2466.068421
2466.083645
2466.084855
2466.085941
2466.093905
2466.108757
2466.112763
2466.123362
2466.141557
2466.144736
2466.189904
2466.208006
2466.282061
2468.166717
2468.189957
2468.260912
2468.264972
2468.267697
2477.157992
2477.374907
2477.397995
2477.476991
2477.489934
2477.494444
2477.495183
2477.513609
2477.606046
2477.609872
2477.612038
2477.636438
2477.652494
2477.652971
2477.659210
2477.674262
2477.679695
2477.679887
2477.680469
2477.681797
2477.682891
2477.694722
2477.701106
2477.704262
2477.710621
2477.719035
2477.728691
2477.759493
2477.771282
2477.774753
2477.775808
2477.791738
2477.794919
2477.812889
2477.812898
2477.820720
2477.824468
2477.831261
2477.843988
2477.844851
2477.874897
2477.879805
2477.881610
2477.884287
2477.891765
2477.893626
2477.898425
2477.916224
2477.918391
2477.924108
2477.953753
2477.976958
2477.990726
2478.002661
2478.004760
2478.006012
2478.016811
2478.022831
2478.035313
2478.046329
2478.048685
2478.057969
2478.066606
2478.067934
2478.081611
2478.082735
2478.086847
2478.088631
2478.095891
2478.099621
2478.111682
2478.113057
2478.125591
2478.131474
2478.149944
2478.163311
2478.176005
2478.176853
2478.179573
2478.191250
2478.218155
2478.228801
2478.230398
2478.245610
2478.246824
2478.247906
2478.255876
2478.270720
2478.274725
2478.285322
2478.303512
2478.306699
2478.351859
2478.369979
2478.444018
2480.328691
2480.351912
2480.422869
2480.426940
2480.429675
2489.319973
2489.536875
2489.559974
2489.638959
2489.651890
2489.656404
2489.657156
2489.675577
2489.768018
2489.771827
2489.773997
2489.798408
2489.814460
2489.814937
2489.821173
2489.836229
2489.841660
2489.841853
2489.842427
2489.843756
2489.844856
2489.856688
2489.863060
2489.866233
2489.872579
2489.881006
2489.890655
2489.921457
2489.933239
2489.936716
2489.937778
2489.953699
2489.956884
2489.974851
2489.974858
2489.982677
2489.986431
2489.993223
2490.005953
2490.006820
2490.036861
2490.041765
2490.043576
2490.046256
2490.053733
2490.055581
2490.060399
2490.078198
2490.080366
2490.086075
2490.115719
2490.138932
2490.152688
2490.164622
2490.166731
2490.167981
2490.178788
2490.184791
2490.197279
2490.208303
2490.210645
2490.219941
2490.228578
2490.229906
2490.243570
2490.244698
2490.248822
2490.250604
2490.257863
2490.261578
2490.273639
2490.275017
2490.287560
2490.293429
2490.311897
2490.325270
2490.337984
2490.338833
2490.341532
2490.353203
2490.380133
2490.390769
2490.392353
2490.407582
2490.408796
2490.409880
2490.417841
2490.432675
2490.436692
2490.447290
2490.465478
2490.468675
2490.513814
2490.531936
2490.605980
2492.490658
2492.513872
2492.584830
2492.588914
2492.591631
